# NaN NaN NaN ;Mean Elev.(m), Avg Gradient(m/km), RMS Gradient(m/km) - SRTM1     
#   10.727  -0.277   2.843 ;Mean Elev.(m), Avg Gradient(m/km), RMS Gradient(m/km) - ASTER GDEM
#    0.935  -0.544   2.249 ;Mean Elev.(m), Avg Gradient(m/km), RMS Gradient(m/km) - GMTED2010 
  8  44.069757  66.018293     1.134     0.892 13 52492.73977955 35.335
 10  44.062155  66.010776     3.957     3.853 13 52562.73980243 23.087
 12  44.061119  66.006456     1.079     1.056 14 52632.73976527 32.964
 13  44.063834  66.012331     2.212     1.923 13 52667.73978370 39.085
 14  44.061778  66.011156    -0.742    -0.707 14 52702.73975820 39.655
 16  44.072927  66.020798     0.301     0.051 14 52772.73976287 38.671
 17  44.059875  66.003221     1.520     1.277 15 52807.73982052 31.533
 18  44.061741  66.005540     2.597     2.525 14 52842.73987907 22.174
 19  44.060716  66.010477    -0.908    -0.909 14 52877.73991837 50.644
 20  44.074484  66.020422     2.271     2.932 13 52912.73987803 33.638
 21  44.061222  66.004183     0.476     0.460 15 52947.73983290 41.368
 23  44.068742  66.016974     0.888     0.896 13 53017.73986403 44.755
 24  44.062176  66.008089    -0.560    -0.525 14 53052.73984333 46.285
 25  44.065126  66.014363    -0.470    -0.423 14 53087.73988125 43.923
 26  44.062063  66.006647     1.229     1.235 14 53122.73985016 47.602
 27  44.061490  66.004922     0.787     0.643 14 53157.73990676 30.276
 28  44.067274  66.015454     0.756     0.758 13 53192.73990178 46.217
 30  44.070337  66.018113     2.420     2.718 13 53262.73987362 31.095
 31  44.070731  65.991355     0.779     0.881  7 53297.73990704 27.463
 33  44.071896  66.021951    -0.329    -0.355 13 53367.73982820 48.416
 34  44.061759  66.010595     1.221     1.220 14 53402.73985545 37.985
 35  44.069730  66.019417    -1.279    -1.292 14 53437.73984563 39.508
 37  44.063813  66.011851     2.729     2.787 13 53507.73992665 37.380
 38  44.063302  66.012388    -0.702    -0.660 13 53542.73993557 39.258
 39  44.067189  66.016789     1.569     1.232 13 53577.73992133 39.753
 41  44.060286  66.009663     0.700     0.505 14 53647.73987812 31.453
 42  44.063197  66.012603     1.876     1.628 13 53682.73989380 28.773
 43  44.071060  66.020554    -1.378    -1.437 14 53717.73982227 46.086
 44  44.061668  66.010166     0.031     0.119 14 53752.73974093 46.746
 45  44.068661  66.016830     1.727     1.774 13 53787.73977203 40.895
 47  44.059530  66.008484     0.362     0.371 14 53857.73981744 51.050
 48  44.067850  66.010181     2.761     2.765 12 53892.73983165 19.159
 49  44.061621  66.004687     0.586     0.608 15 53927.73989001 35.654
 50  44.064444  66.014033     1.288     1.369 14 53962.73987462 32.498
 52  44.063030  66.010321    -0.401    -0.398 14 54032.73987040 46.232
 54  44.069854  66.020093    -0.720    -0.716 13 54102.73982521 48.130
 55  44.060374  66.009328     0.654     0.653 14 54137.73979298 50.315
 56  44.068534  66.016890     2.492     2.494 13 54172.73980216 37.504
 57  44.059175  66.008414    -1.060    -1.041 14 54207.73979844 50.076
 58  44.063305  66.014133     2.725     2.970 14 54242.73983162 26.673
 59  44.063824  66.013157     0.725     0.703 13 54277.73984496 47.355
 60  44.065661  66.014381     0.615     0.585 14 54312.73984554 33.761
 61  44.070213  66.019637     2.108     2.352 14 54347.73981823 30.269
 62  44.062067  66.009740    -0.762    -0.753 14 54382.73978215 50.843
 63  44.068122  66.016806    -0.329    -0.340 13 54417.73976700 47.677
 64  44.060416  66.005799     3.385     3.401 14 54452.73975126 36.358
 65  44.065717  66.015663    -0.786    -0.780 13 54487.73976459 48.153
 66  44.062302  66.011421     0.916     0.900 13 54522.73976535 40.983
 68  44.062878  66.012413    -0.759    -0.731 13 54592.73976175 36.811
 69  44.065035  66.014298     2.426     2.416 14 54627.73977713 38.326
 70  44.062058  66.011992    -0.606    -0.871 13 54662.73978430 42.727
 71  44.070046  66.018328     0.689     0.376 13 54697.73975981 33.743
 72  44.062454  66.006739     2.750     2.720 12 54732.73974027 21.991
 73  44.066130  66.014088     1.366     1.568 14 54767.73973834 31.543
 74  44.059627  66.008156     0.138     0.118 14 54802.73973443 48.435
 75  44.064439  66.014487     3.722     3.712 14 54837.73973155 41.356
 76  44.060888  66.009527     0.778     0.816 14 54872.73973363 42.804
 77  44.069588  66.017925     1.109     1.204 14 54907.73973921 44.100
 78  44.059858  66.009277     0.893     0.035 14 54942.73972665 42.675
 79  44.064036  66.012568     0.316     0.285 13 54977.73975462 46.065
 80  44.064915  66.014351     3.248     3.163 14 55012.73976187 20.406
 81  44.062943  66.014160     0.986     0.794 14 55047.73975448 29.698
 82  44.070634  66.020076     1.491     1.486 14 55082.73972619 31.413
 83  44.061419  66.009818     9.463     4.859 14 55117.73968542 22.741
 84  44.066239  66.014324    -0.676    -0.877 14 55152.73968343 43.622
 85  44.060794  66.007638     0.208     0.278 13 55187.73967275 45.188
 86  44.066282  66.014454     1.655     1.639 14 55222.73968229 22.251
 87  44.062567  66.012553     1.533     1.129 14 55257.73966943 14.566
 88  44.068805  66.019338     1.674     1.678 14 55292.73967100 30.201
 89  44.062704  66.012255    -0.515    -0.524 14 55327.73965327 50.395
 90  44.066523  66.016746     0.912     0.581 13 55362.73964951 37.075
 91  44.060167  66.009299    11.081    12.902 14 55397.73965663 16.298
 92  44.064252  66.015658     0.821     0.416 14 55432.73966498 33.468
 93  44.071737  66.022240     2.097     2.417 13 55467.73962410 31.775
