-241954.515   196.044     0.00    3.66
-241580.061   196.703     1.76    3.45
-241205.537   197.643     2.51    3.44
-240830.940   197.646     0.01    3.59
-240456.273   195.427    -5.92    5.68
-240081.534   190.495   -13.16    9.02
-239706.723   182.972   -20.07    9.59
-239331.841   176.398   -17.53    7.87
-238956.887   171.946   -11.87    4.77
-238581.861   171.414    -1.42    6.27
-238206.764   173.949     6.76   11.58
-237831.595   178.208    11.35   14.70
-237456.355   180.949     7.30   15.13
-237081.042   180.201    -1.99   13.92
-236705.658   176.438   -10.02   12.99
-236330.201   171.030   -14.40   12.49
-235954.673   165.984   -13.43   10.67
-235579.073   163.458    -6.73    8.55
-235203.401   159.916    -9.43    8.15
-234827.656   155.709   -11.19    9.09
-234451.840   150.041   -15.08    9.93
-234075.951   141.743   -22.07   10.68
-233699.991   133.526   -21.85   10.21
-233323.958   128.643   -12.98    9.49
-232947.852   126.916    -4.59    9.98
-232571.675   128.437     4.04   11.37
-232195.425   128.536     0.26   11.42
-231819.103   125.018    -9.34   11.57
-231442.708   120.321   -12.48   11.35
-231066.240   113.748   -17.46   13.59
-230689.701   107.588   -16.36   15.85
-230313.088   103.594   -10.60   14.80
-229936.403    99.076   -11.99   13.05
-229559.646    98.383    -1.84   12.07
-229182.816    96.881    -3.98   11.15
-228805.913    98.005     2.98   12.12
-228428.937   103.306    14.06   12.58
-228051.888   107.516    11.16    8.86
-227674.767   109.513     5.29    5.09
-227297.572   106.472    -8.06    5.61
-226920.305   102.743    -9.88    5.16
-226542.965    98.327   -11.70    5.19
-226165.551    94.781    -9.40    5.30
-225788.065    90.740   -10.70    5.85
-225410.506    85.755   -13.20    5.83
-225032.873    82.793    -7.84    4.16
-224655.167    81.576    -3.22    3.18
-224277.388    81.908     0.88    3.95
-223899.536    82.076     0.44    3.75
-223521.610    80.041    -5.38    5.14
-223143.611    76.686    -8.88    6.84
-222765.539    72.867   -10.10    6.36
-222387.393    70.272    -6.86    4.96
-222009.173    68.239    -5.37    4.22
-221630.880    67.281    -2.53    3.27
-221252.514    66.932    -0.92    2.67
-220874.074    66.290    -1.70    1.93
-220495.560    66.111    -0.47    1.60
-220116.973    66.005    -0.28    1.61
-219738.311    69.713     9.79    7.51
-219359.576    77.181    19.72   12.39
-218980.768    87.663    27.66   13.25
-218601.885    94.925    19.17    9.12
-218222.928    97.667     7.23    5.42
-217843.898    97.077    -1.56    5.02
-217464.793    96.144    -2.46    3.64
-217085.614    95.398    -1.97    2.53
-216706.362    94.329    -2.82    3.06
-216327.035    92.284    -5.39    3.75
-215947.634    93.006     1.90    4.77
-215568.158    93.650     1.70    5.17
-215188.609    93.972     0.85    5.47
-214808.985    94.351     1.00    5.16
-214429.287    93.571    -2.05    4.73
-214049.514    93.512    -0.15    5.09
-213669.667    95.467     5.15    6.22
-213289.746    98.867     8.95    5.63
-212909.750   101.518     6.98    4.92
-212529.679   104.500     7.84    4.79
-212149.534   106.224     4.53    5.25
-211769.314   108.042     4.78    5.37
-211389.020   109.297     3.30    5.18
-211008.650   112.235     7.72    5.81
-210635.761   116.017    10.14    6.20
-210269.600   119.421     9.29    4.81
-209903.370   120.917     4.08    3.53
-209537.072   121.306     1.06    3.44
-209170.705   119.326    -5.40    4.14
-208804.269   115.847    -9.49    6.00
-208437.765   112.743    -8.47    7.19
-208071.192   107.101   -15.39    7.31
-207704.550   102.605   -12.26    5.57
-207337.840   100.345    -6.16    4.09
-206971.060   101.787     3.93    5.52
-206604.212   105.101     9.03    6.55
-206237.295   110.656    15.14    6.46
-205870.309   114.797    11.28    5.62
-205503.254   116.341     4.20    4.60
-205136.131   117.099     2.06    3.75
-204768.938   114.997    -5.72    4.20
-204401.676   111.488    -9.55    4.92
-204034.345   108.391    -8.43    6.23
-203666.944   104.809    -9.75    6.75
-203299.475   101.430    -9.20    4.47
-202931.936   100.672    -2.06    3.57
-202564.328   101.772     2.99    3.55
-202196.651   104.144     6.45    3.59
-201828.905   107.175     8.24    3.53
-201461.089   110.145     8.08    3.85
-201093.203   113.723     9.72    4.32
-200725.248   117.870    11.27    5.92
-200357.224   122.601    12.85    6.62
-199989.130   127.440    13.14    6.46
-199620.967   131.755    11.72    5.32
-199252.734   133.900     5.83    3.73
-198884.431   131.497    -6.52    6.21
-198516.058   128.249    -8.82    7.66
-198147.616   126.306    -5.27    6.43
-197779.104   126.646     0.92    5.86
-197410.522   128.226     4.28    5.55
-197041.871   130.041     4.92    5.75
-196673.149   128.732    -3.55    7.45
-196304.357   126.650    -5.64    7.91
-195935.496   126.865     0.58    8.27
-195566.564   126.614    -0.68    7.86
-195197.563   125.111    -4.07    7.60
-194828.491   120.894   -11.42    6.50
-194459.349   116.792   -11.11    5.20
-194090.137   113.406    -9.17    3.17
-193720.855   110.781    -7.11    3.02
-193351.503   108.613    -5.87    3.98
-192982.080   108.656     0.12    4.69
-192612.587   109.156     1.35    6.20
-192243.023   110.241     2.94    5.91
-191873.390   109.156    -2.94    5.88
-191503.685   106.646    -6.79    5.90
-191133.910   103.849    -7.56    5.50
-190764.065    99.786   -10.98    6.37
-190394.149    96.778    -8.13    7.19
-190024.163    91.495   -14.28    6.29
-189654.105    87.781   -10.04    4.68
-189283.977    84.983    -7.56    4.04
-188913.779    81.554    -9.26    5.52
-188543.509    77.679   -10.46    6.63
-188173.169    77.338    -0.92    6.45
-187802.758    76.577    -2.05    5.26
-187432.276    75.751    -2.23    5.34
-187061.723    74.870    -2.38    5.80
-186691.099    73.249    -4.37    4.69
-186320.404    73.720     1.27    4.72
-185949.638    80.020    16.99    9.34
-185578.801    86.297    16.92   11.55
-185207.893    92.235    16.01   11.15
-184836.913    95.577     9.01    9.66
-184465.862    98.467     7.79    8.23
-184094.740   100.617     5.79    9.11
-183723.547   107.644    18.93   12.67
-183352.283   115.594    21.41   13.79
-182980.947   122.769    19.32   10.09
-182609.539   125.693     7.87    6.40
-182238.060   126.281     1.58    5.89
-181866.510   125.717    -1.52    5.10
-181494.888   127.636     5.17    4.65
-181123.194   130.492     7.68    5.18
-180751.429   132.490     5.37    4.85
-180379.592   133.490     2.69    4.47
-180007.684   136.786     8.86    6.54
-179635.703   140.997    11.32    9.17
-179263.651   148.425    19.96   10.39
-178891.527   152.739    11.59    8.00
-178519.331   153.728     2.66    7.06
-178147.064   149.840   -10.44    7.97
-177774.724   143.241   -17.72    7.33
-177402.312   134.870   -22.48   11.10
-177029.828   126.406   -22.72   10.99
-176657.272   119.065   -19.70   10.24
-176284.644   110.650   -22.58    7.07
-175911.944   105.883   -12.79    6.39
-175539.172   103.101    -7.46    5.07
-175166.327   100.779    -6.23    3.14
-174793.410    99.029    -4.69    3.21
-174420.421    96.179    -7.64    4.43
-174047.359    94.650    -4.10    3.99
-173674.225    93.571    -2.89    3.18
-173301.018    93.114    -1.22    2.98
-172927.739    93.065    -0.13    2.93
-172554.387    92.294    -2.07    2.55
-172180.963    91.867    -1.14    1.96
-171807.466    92.920     2.82    2.79
-171433.897    94.020     2.94    4.07
-171060.254    94.124     0.28    5.60
-170686.539    90.451    -9.83    8.08
-170312.752    85.553   -13.10    8.11
-169938.891    80.213   -14.28    9.17
-169564.957    75.912   -11.50    9.92
-169190.951    73.365    -6.81    9.20
-168816.871    73.658     0.78    7.87
-168442.719    76.019     6.31    6.70
-168068.493    79.111     8.26    5.14
-167694.195    79.986     2.34    5.43
-167319.823    79.251    -1.96    6.39
-166945.378    77.167    -5.56    7.49
-166570.860    75.239    -5.15    7.61
-166196.268    74.576    -1.77    8.27
-165821.603    74.728     0.40    9.49
-165446.865    74.224    -1.34   10.17
-165072.054    71.170    -8.15    8.96
-164697.169    66.724   -11.86    4.97
-164322.210    65.030    -4.52    3.55
-163947.178    65.258     0.61    3.71
-163572.073    65.274     0.04    4.26
-163196.893    66.019     1.99    4.17
-162821.640    65.674    -0.92    4.33
-162446.314    64.576    -2.93    5.03
-162070.914    64.146    -1.14    5.22
-161695.440    63.838    -0.82    4.51
-161319.892    64.309     1.26    3.99
-160944.270    65.851     4.11    4.02
-160568.574    66.484     1.68    3.97
-160192.805    66.883     1.06    3.76
-159816.961    67.123     0.64    2.37
-159441.043    66.769    -0.94    2.02
-159065.051    66.867     0.26    1.56
-158688.985    67.620     2.00    1.84
-158312.845    68.249     1.67    1.91
-157936.631    69.143     2.38    1.68
-157560.343    70.030     2.36    1.43
-157183.980    70.807     2.06    1.23
-156807.542    70.925     0.32    1.39
-156431.031    71.599     1.79    1.43
-156054.445    71.744     0.38    1.66
-155677.784    71.872     0.34    1.67
-155301.049    72.402     1.41    1.42
-154924.239    72.076    -0.87    1.40
-154547.355    71.101    -2.59    1.72
-154170.396    70.271    -2.20    1.85
-153793.363    70.065    -0.55    1.98
-153416.254    70.254     0.50    2.10
-153039.071    69.748    -1.34    3.10
-152661.813    68.667    -2.86    3.63
-152284.480    67.839    -2.20    3.64
-151907.073    67.743    -0.25    3.35
-151529.590    67.541    -0.54    3.18
-151152.032    67.840     0.79    2.61
-150774.399    67.803    -0.10    2.17
-150396.691    68.309     1.34    1.90
-150018.908    69.018     1.88    2.03
-149641.050    70.526     3.99    2.41
-149263.117    71.239     1.89    2.53
-148885.108    70.360    -2.32    3.99
-148507.024    69.425    -2.47    5.29
-148128.864    69.604     0.47    6.03
-147750.629    71.203     4.23    6.84
-147372.319    68.402    -7.40   12.53
-146993.933    56.893   -30.41   21.45
-146615.472    50.454   -17.01   21.19
-146236.935    51.402     2.50   20.65
-145858.323    56.110    12.43   18.44
-145479.634    63.326    19.05    9.00
-145100.870    61.872    -3.84    7.19
-144722.031    59.683    -5.78    5.76
-144343.115    61.110     3.77    7.00
-143964.124    64.976    10.20    7.21
-143585.056    68.490     9.27    6.10
-143205.913    70.660     5.72    4.05
-142826.694    70.329    -0.87    3.72
-142447.398    69.649    -1.79    2.58
-142068.027    69.482    -0.44    2.56
-141688.580    69.656     0.46    2.49
-141309.056    69.806     0.40    1.79
-140929.456    69.332    -1.25    2.24
-140549.780    68.327    -2.65    2.38
-140170.027    66.934    -3.67    2.01
-139790.198    66.398    -1.41    1.77
-139410.293    67.318     2.42    1.98
-139030.311    67.922     1.59    2.08
-138650.253    68.554     1.66    2.21
-138270.118    68.303    -0.66    2.80
-137889.907    68.054    -0.66    3.09
-137509.619    67.950    -0.27    3.93
-137129.254    68.687     1.94    4.69
-136748.813    68.111    -1.51    3.95
-136368.295    68.020    -0.24    3.28
-135990.720    67.166    -2.26    3.26
-135624.777    65.965    -3.28    3.40
-135258.764    64.916    -2.87    3.07
-134892.681    64.754    -0.44    3.13
-134526.527    64.589    -0.45    4.89
-134160.303    66.247     4.53    6.00
-133794.008    67.210     2.63    6.11
-133427.644    67.121    -0.24    4.85
-133061.209    66.410    -1.94    3.80
-132694.703    65.391    -2.78    3.24
-132328.127    65.224    -0.45    3.53
-131961.480    65.951     1.98    3.70
-131594.763    66.930     2.67    3.90
-131227.976    68.704     4.84    4.34
-130861.117    71.503     7.63    5.47
-130494.188    76.239    12.91    5.36
-130127.188    79.649     9.29    5.16
-129760.118    81.922     6.19    3.73
-129392.976    84.351     6.61    3.12
-129025.764    85.949     4.35    3.34
-128658.481    83.514    -6.63    6.49
-128291.127    79.872    -9.91    8.63
-127923.702    74.940   -13.42    7.95
-127556.206    71.519    -9.31    4.97
-127188.639    70.963    -1.51    3.90
-126821.001    72.387     3.87    3.98
-126453.292    73.908     4.13    2.86
-126085.511    74.278     1.01    2.75
-125717.659    74.763     1.32    2.75
-125349.736    76.458     4.61    4.10
-124981.742    78.438     5.38    5.33
-124613.677    81.672     8.78    5.75
-124245.540    84.077     6.53    4.81
-123877.331    83.514    -1.53    4.86
-123509.051    81.170    -6.37    4.53
-123140.700    80.943    -0.62    4.09
-122772.277    81.502     1.52    4.04
-122403.783    82.380     2.38    4.23
-122035.216    83.380     2.71    4.33
-121666.579    83.315    -0.18    4.45
-121297.869    83.683     1.00    4.47
-120929.088    85.352     4.53    5.22
-120560.235    87.876     6.84    6.41
-120191.310    91.640    10.20    7.25
-119822.313    95.603    10.74    7.36
-119453.244    98.688     8.36    6.43
-119084.104    99.195     1.37    5.99
-118714.891    99.618     1.14    5.96
-118345.606    99.384    -0.63    5.54
-117976.249    98.247    -3.08    5.71
-117606.820    98.476     0.62    5.76
-117237.319    99.502     2.78    5.53
-116867.746   101.472     5.33    5.74
-116498.100   104.463     8.09    6.31
-116128.382   107.593     8.47    6.48
-115758.592   109.121     4.13    4.71
-115388.730   110.838     4.64    4.49
-115018.794   112.919     5.63    4.63
-114648.787   115.295     6.42    4.56
-114278.707   116.876     4.27    3.68
-113908.554   118.505     4.40    3.19
-113538.329   120.469     5.30    4.01
-113168.031   123.583     8.41    5.17
-112797.661   128.009    11.95    6.11
-112427.218   132.541    12.23    6.19
-112056.702   136.720    11.28    6.26
-111686.113   140.779    10.95    5.45
-111315.451   141.944     3.14    6.05
-110944.717   140.874    -2.89    8.69
-110573.909   136.627   -11.45   11.62
-110203.029   129.054   -20.42   13.80
-109832.075   118.665   -28.00   13.63
-109461.048   111.258   -19.96   11.13
-109089.949   105.598   -15.25    8.57
-108718.776   102.769    -7.62    8.01
-108347.530   100.354    -6.51    7.86
-107976.211    96.998    -9.04    7.71
-107604.818    93.174   -10.30    7.60
-107233.352    89.198   -10.70    6.71
-106861.813    86.235    -7.97    5.33
-106490.200    83.109    -8.41    4.35
-106118.514    80.191    -7.85    3.60
-105746.755    77.576    -7.03    3.76
-105374.922    74.739    -7.63    3.71
-105003.015    72.458    -6.13    3.39
-104631.035    70.691    -4.75    2.96
-104258.981    69.481    -3.25    2.80
-103886.853    68.606    -2.35    2.73
-103514.652    67.120    -3.99    2.61
-103142.376    65.672    -3.89    2.20
-102770.027    64.373    -3.49    1.79
-102397.604    63.344    -2.76    1.82
-102025.107    62.087    -3.37    1.84
-101652.536    61.357    -1.96    1.38
-101279.891    60.676    -1.83    1.40
-100907.172    59.930    -2.00    1.51
-100534.379    59.208    -1.94    1.48
-100161.512    58.258    -2.55    1.67
 -99788.571    57.042    -3.26    1.87
 -99415.555    56.824    -0.59    1.89
 -99042.465    56.532    -0.78    1.81
 -98669.301    56.076    -1.22    2.00
 -98296.062    54.776    -3.48    3.00
 -97922.749    53.620    -3.10    3.19
 -97549.362    52.309    -3.51    2.58
 -97175.900    51.754    -1.49    1.80
 -96802.363    51.610    -0.38    1.45
 -96428.752    51.943     0.89    1.44
 -96055.066    51.849    -0.25    1.44
 -95681.306    51.487    -0.97    1.59
 -95307.470    50.610    -2.35    1.43
 -94933.560    50.065    -1.46    1.35
 -94559.576    49.951    -0.30    1.45
 -94185.516    50.373     1.13    1.70
 -93811.382    51.099     1.94    1.71
 -93437.172    50.823    -0.74    2.31
 -93062.888    49.872    -2.54    3.01
 -92688.528    48.790    -2.89    2.88
 -92314.094    47.554    -3.30    1.94
 -91939.584    46.856    -1.86    1.14
 -91564.999    46.357    -1.33    0.80
 -91190.339    45.856    -1.34    1.02
 -90815.604    45.245    -1.63    1.15
 -90440.793    44.691    -1.48    1.34
 -90065.907    44.030    -1.76    1.45
 -89690.946    43.065    -2.57    2.09
 -89315.909    41.309    -4.68    2.93
 -88940.796    39.130    -5.81    3.72
 -88565.609    37.018    -5.63    3.40
 -88190.345    34.922    -5.58    2.83
 -87815.006    33.232    -4.50    2.76
 -87439.591    33.110    -0.32    2.93
 -87064.101    33.006    -0.28    3.30
 -86688.535    33.908     2.40    3.79
 -86312.893    34.983     2.86    3.51
 -85937.175    34.898    -0.22    3.12
 -85561.381    34.359    -1.43    2.79
 -85185.512    33.702    -1.75    2.17
 -84809.566    32.818    -2.35    1.43
 -84433.544    32.801    -0.04    1.24
 -84057.447    32.874     0.19    1.23
 -83681.273    33.195     0.85    1.54
 -83305.023    33.635     1.17    1.32
 -82928.696    33.663     0.07    1.20
 -82552.294    33.949     0.76    0.99
 -82175.815    34.163     0.57    0.65
 -81799.260    34.228     0.17    0.55
 -81422.628    33.967    -0.69    0.61
 -81045.920    33.960    -0.02    0.87
 -80669.136    34.461     1.33    1.51
 -80292.275    34.982     1.38    1.71
 -79915.337    35.478     1.32    1.79
 -79538.323    35.983     1.34    1.77
 -79161.232    35.845    -0.36    1.71
 -78784.065    35.336    -1.35    1.55
 -78406.820    35.109    -0.60    1.05
 -78029.499    34.547    -1.49    1.54
 -77652.101    33.458    -2.89    2.25
 -77274.626    31.844    -4.28    2.92
 -76897.074    29.476    -6.27    4.54
 -76519.445    26.530    -7.80    5.31
 -76141.739    23.743    -7.38    5.45
 -75763.956    21.681    -5.46    5.34
 -75386.096    20.695    -2.61    5.05
 -75008.159    19.701    -2.63    5.00
 -74630.144    19.130    -1.51    5.06
 -74252.052    17.941    -3.14    4.87
 -73873.883    17.625    -0.84    4.61
 -73495.637    16.787    -2.22    4.16
 -73117.313    16.032    -2.00    3.87
 -72738.911    15.175    -2.27    3.82
 -72360.432    15.043    -0.35    3.73
 -71981.876    16.086     2.76    4.21
 -71603.241    17.865     4.70    5.14
 -71224.530    19.022     3.05    5.15
 -70845.740    18.009    -2.67    5.04
 -70466.873    16.197    -4.78    4.61
 -70087.928    15.776    -1.11    4.56
 -69708.905    16.409     1.67    5.67
 -69329.804    16.750     0.90    6.09
 -68950.626    15.757    -2.62    5.84
 -68571.369    13.638    -5.59    4.38
 -68192.034    11.735    -5.02    0.91
 -67812.621    11.565    -0.45    0.72
 -67433.130    12.087     1.38    1.32
 -67053.561    12.798     1.87    2.38
 -66673.914    13.576     2.05    2.77
 -66294.188    14.254     1.79    2.84
 -65914.384    14.252    -0.01    2.77
 -65534.502    13.953    -0.79    2.47
 -65154.541    14.195     0.64    3.18
 -64774.502    15.111     2.41    4.41
 -64394.385    15.598     1.28    4.71
 -64014.188    16.518     2.42    5.70
 -63633.913    18.250     4.55    7.00
 -63253.560    19.844     4.19    7.08
 -62873.128    20.271     1.12    6.46
 -62492.617    18.844    -3.75    5.67
 -62112.027    17.880    -2.53    4.58
 -61731.358    18.372     1.29    4.39
 -61350.611    21.130     7.24    5.33
 -60982.993    24.971    10.45    4.74
 -60617.201    27.614     7.23    4.61
 -60251.337    30.136     6.89    4.68
 -59885.402    32.217     5.69    5.48
 -59519.394    34.145     5.27    5.65
 -59153.315    35.432     3.51    6.05
 -58787.163    35.354    -0.21    6.67
 -58420.940    36.172     2.24    7.01
 -58054.644    37.867     4.63    6.42
 -57688.276    39.154     3.51    6.91
 -57321.835    40.250     2.99    6.86
 -56955.323    40.077    -0.47    6.96
 -56588.738    38.326    -4.78    7.32
 -56222.081    35.663    -7.26    7.80
 -55855.351    31.269   -11.98    8.37
 -55488.549    26.391   -13.30    7.71
 -55121.675    21.732   -12.70    6.17
 -54754.728    18.261    -9.46    5.26
 -54387.708    15.747    -6.85    4.41
 -54020.616    14.669    -2.93    5.12
 -53653.451    13.145    -4.15    5.01
 -53286.213    11.217    -5.25    3.55
 -52918.903     9.736    -4.03    1.02
 -52551.520     9.559    -0.48    0.55
 -52184.064     9.681     0.33    0.64
 -51816.535     9.848     0.45    0.61
 -51448.933    10.054     0.56    0.71
 -51081.259    11.467     3.84    3.69
 -50713.511    13.576     5.73    6.32
 -50345.690    16.998     9.30    8.10
 -49977.796    19.348     6.39    8.37
 -49609.829    22.409     8.32    8.51
 -49241.789    24.587     5.92    7.57
 -48873.676    26.251     4.52    6.67
 -48505.489    26.301     0.14    6.31
 -48137.229    26.623     0.87    5.52
 -47768.896    27.215     1.61    5.67
 -47400.489    28.260     2.84    6.20
 -47032.009    28.337     0.21    7.22
 -46663.455    26.440    -5.15    7.10
 -46294.828    24.032    -6.53    5.91
 -45926.127    24.443     1.11    4.93
 -45557.353    25.377     2.53    5.66
 -45188.505    26.296     2.49    6.11
 -44819.583    26.476     0.49    6.31
 -44450.588    25.248    -3.33    7.30
 -44081.519    23.835    -3.83    7.55
 -43712.376    22.434    -3.79    6.32
 -43343.159    21.751    -1.85    5.93
 -42973.868    21.598    -0.42    5.78
 -42604.503    21.743     0.39    6.28
 -42235.064    22.000     0.70    7.57
 -41865.552    21.735    -0.72    7.99
 -41495.965    21.483    -0.68    7.98
 -41126.304    20.764    -1.94    7.86
 -40756.568    20.854     0.24    7.53
 -40386.759    20.878     0.07    7.73
 -40016.875    21.735     2.32    8.54
 -39646.917    22.355     1.68    9.43
 -39276.884    23.474     3.02   10.17
 -38906.778    23.735     0.71   10.07
 -38536.596    23.951     0.58    9.97
 -38166.340    23.043    -2.45    9.15
 -37796.010    21.758    -3.47    8.23
 -37425.605    19.680    -5.61    7.44
 -37055.126    18.146    -4.14    7.28
 -36684.571    17.614    -1.44    7.71
 -36313.942    17.383    -0.62    7.39
 -35943.239    19.431     5.52    8.54
 -35572.460    21.633     5.94    9.88
 -35201.607    24.000     6.38   10.56
 -34830.679    23.454    -1.47   10.52
 -34459.675    21.452    -5.40   10.11
 -34088.597    18.565    -7.78    8.56
 -33717.444    16.215    -6.33    7.43
 -33346.216    15.130    -2.92    7.38
 -32974.912    15.043    -0.23    7.36
 -32603.534    13.607    -3.87    6.12
 -32232.080    12.881    -1.96    5.90
 -31860.551    11.511    -3.69    5.23
 -31488.946    10.379    -3.05    5.06
 -31117.267     9.445    -2.51    4.11
 -30745.511     8.902    -1.46    3.11
 -30373.681     8.282    -1.67    1.96
 -30001.775     8.237    -0.12    1.84
 -29629.793     8.366     0.35    1.88
 -29257.736     8.900     1.44    2.48
 -28885.603     9.646     2.00    2.98
 -28513.395     9.858     0.57    3.07
 -28141.111     9.900     0.11    2.83
 -27768.751     9.807    -0.25    2.93
 -27396.315     9.309    -1.34    2.55
 -27023.803     8.989    -0.86    2.00
 -26651.216     8.565    -1.14    1.54
 -26278.553     8.215    -0.94    1.09
 -25905.813     8.281     0.18    1.22
 -25532.998     9.033     2.02    2.05
 -25160.106     9.758     1.95    2.54
 -24787.138     9.761     0.01    2.46
 -24414.095    10.222     1.24    2.68
 -24040.975    12.076     4.97    4.29
 -23667.778    14.758     7.19    6.70
 -23294.506    18.474     9.95    8.91
 -22921.157    21.332     7.66    9.00
 -22547.731    23.214     5.04    8.35
 -22174.229    23.042    -0.46    7.99
 -21800.651    21.323    -4.60    6.87
 -21426.996    19.582    -4.66    6.04
 -21053.265    18.267    -3.52    4.96
 -20679.456    17.421    -2.26    4.03
 -20305.572    16.807    -1.64    3.07
 -19931.610    16.492    -0.84    3.55
 -19557.572    16.804     0.83    4.71
 -19183.457    16.820     0.04    5.49
 -18809.265    17.261     1.18    5.40
 -18434.996    17.076    -0.49    5.08
 -18060.650    16.532    -1.45    5.31
 -17686.227    14.893    -4.38    6.05
 -17311.727    13.500    -3.72    5.99
 -16937.150    11.517    -5.29    5.05
 -16562.495    10.515    -2.67    3.82
 -16187.764     9.818    -1.86    3.10
 -15812.955     8.998    -2.19    2.80
 -15438.069     8.785    -0.57    3.08
 -15063.106     8.409    -1.00    2.73
 -14688.065     7.858    -1.47    2.28
 -14312.947     7.254    -1.61    1.31
 -13937.751     7.215    -0.10    1.54
 -13562.478     7.604     1.04    2.12
 -13187.127     7.714     0.29    2.06
 -12811.699     7.649    -0.17    2.22
 -12436.193     6.831    -2.18    2.13
 -12060.609     6.020    -2.16    1.33
 -11684.948     5.630    -1.04    0.52
 -11309.208     5.647     0.05    0.50
 -10933.391     5.815     0.45    0.44
 -10557.496     5.702    -0.30    0.48
 -10181.523     5.598    -0.28    0.54
  -9805.471     5.543    -0.15    0.55
  -9429.342     5.521    -0.06    0.58
  -9053.135     5.465    -0.15    0.56
  -8676.849     5.377    -0.23    0.51
  -8300.486     5.354    -0.06    0.46
  -7924.044     5.320    -0.09    0.44
  -7547.524     5.406     0.23    0.48
  -7170.925     5.501     0.25    0.50
  -6794.248     5.614     0.30    0.50
  -6417.493     5.517    -0.26    0.50
  -6040.659     5.509    -0.02    0.50
  -5663.746     5.448    -0.16    0.66
  -5286.755     5.200    -0.66    0.79
  -4909.686     5.022    -0.47    0.91
  -4532.537     4.941    -0.21    1.15
  -4155.310     5.331     1.03    1.46
  -3778.004     6.009     1.80    1.86
  -3400.620     6.592     1.55    2.33
  -3023.156     7.896     3.46    4.13
  -2645.613     8.228     0.88    5.97
  -2267.992     6.943    -3.40    7.27
  -1890.291     4.366    -6.82    7.32
  -1512.512     1.357    -7.96    5.41
  -1134.653    -0.752    -5.58    1.22
   -756.715    -0.935    -0.48    0.00
   -378.698    -0.935     0.00    0.00
     -0.601    -0.935     0.00    0.00
    377.574    -0.935     0.00    0.00
    755.829    -0.935     0.00    0.00
   1134.164    -0.914     0.06    0.15
   1512.578    -0.013     2.38    3.38
   1891.071     3.652     9.68    8.65
   2269.645    10.329    17.64   12.74
   2648.297    18.793    22.35   14.70
   3027.030    29.065    27.12   12.21
   3405.842    36.355    19.25    6.80
   3784.734    40.230    10.23    3.76
   4163.705    41.065     2.20    2.64
   4542.757    40.746    -0.84    2.46
   4921.889    39.815    -2.46    2.80
   5301.100    37.613    -5.81    3.04
   5680.391    36.312    -3.43    2.88
   6059.763    34.936    -3.63    3.21
   6439.215    32.391    -6.71    4.28
   6818.747    26.767   -14.82    9.47
   7198.359    20.000   -17.83   13.05
   7578.051    11.861   -21.44   12.69
   7957.824     6.065   -15.26   10.23
   8337.677     1.011   -13.30    4.87
   8717.610    -0.623    -4.30    1.24
   9097.624    -0.935    -0.82    0.00
   9477.718    -0.935     0.00    0.00
   9857.893    -0.935     0.00    0.00
  10238.149    -0.935     0.00    0.00
  10618.485    -0.935     0.00    0.00
  10998.902    -0.935     0.00    0.00
  11379.400    -0.935     0.00    0.00
  11759.979    -0.935     0.00    0.00
  12140.638    -0.935     0.00    0.00
  12521.379    -0.935     0.00    0.00
  12902.200    -0.935     0.00    0.00
  13283.102    -0.935     0.00    0.00
  13655.797    -0.935     0.00    0.00
  14021.361    -0.935     0.00    0.00
  14386.999    -0.935     0.00    0.00
  14752.710    -0.935     0.00    0.00
  15118.495    -0.924     0.03    0.10
  15484.354    -0.924    -0.00    0.10
  15850.287    -0.935    -0.03    0.00
  16216.293    -0.935     0.00    0.00
  16582.374    -0.935     0.00    0.00
  16948.528    -0.935     0.00    0.00
  17314.756    -0.935     0.00    0.00
  17681.058    -0.935     0.00    0.00
  18047.435    -0.935     0.00    0.00
  18413.885    -0.935     0.00    0.00
  18780.410    -0.935     0.00    0.00
  19147.008    -0.935     0.00    0.00
  19513.681    -0.935     0.00    0.00
  19880.429    -0.935     0.00    0.00
  20247.250    -0.935     0.00    0.00
  20614.146    -0.935     0.00    0.00
  20981.116    -0.935     0.00    0.00
  21348.161    -0.935     0.00    0.00
  21715.281    -0.935     0.00    0.00
  22082.474    -0.935     0.00    0.00
  22449.743    -0.935     0.00    0.00
  22817.086    -0.935     0.00    0.00
  23184.504    -0.935     0.00    0.00
  23551.996    -0.935     0.00    0.00
  23919.564    -0.935     0.00    0.00
  24287.206    -0.935     0.00    0.00
  24654.923    -0.935     0.00    0.00
  25022.715    -0.935     0.00    0.00
  25390.581    -0.935     0.00    0.00
  25758.523    -0.935     0.00    0.00
  26126.540    -0.935     0.00    0.00
  26494.632    -0.935     0.00    0.00
  26862.799    -0.935     0.00    0.00
  27231.041    -0.935     0.00    0.00
  27599.359    -0.935     0.00    0.00
  27967.752    -0.935     0.00    0.00
  28336.220    -0.935     0.00    0.00
  28704.763    -0.935     0.00    0.00
  29073.382    -0.935     0.00    0.00
  29442.077    -0.935     0.00    0.00
  29810.847    -0.935     0.00    0.00
  30179.692    -0.935     0.00    0.00
  30548.613    -0.935     0.00    0.00
  30917.610    -0.935     0.00    0.00
  31286.682    -0.935     0.00    0.00
  31655.830    -0.935     0.00    0.00
  32025.054    -0.935     0.00    0.00
  32394.354    -0.935     0.00    0.00
  32763.729    -0.935     0.00    0.00
  33133.181    -0.935     0.00    0.00
  33502.708    -0.935     0.00    0.00
  33872.311    -0.935     0.00    0.00
  34241.991    -0.935     0.00    0.00
  34611.747    -0.935     0.00    0.00
  34981.578    -0.935     0.00    0.00
  35351.486    -0.935     0.00    0.00
  35721.470    -0.935     0.00    0.00
  36091.531    -0.935     0.00    0.00
  36461.668    -0.935     0.00    0.00
  36831.881    -0.935     0.00    0.00
  37202.171    -0.935     0.00    0.00
  37572.537    -0.935     0.00    0.00
  37942.979    -0.935     0.00    0.00
  38313.499    -0.935     0.00    0.00
  38684.095    -0.935     0.00    0.00
  39054.767    -0.935     0.00    0.00
  39425.516    -0.935     0.00    0.00
  39796.342    -0.935     0.00    0.00
  40167.245    -0.935     0.00    0.00
  40538.225    -0.935     0.00    0.00
  40909.281    -0.935     0.00    0.00
  41280.415    -0.935     0.00    0.00
  41651.625    -0.935     0.00    0.00
  42022.913    -0.935     0.00    0.00
  42394.278    -0.935     0.00    0.00
  42765.719    -0.935     0.00    0.00
  43137.238    -0.935     0.00    0.00
  43508.835    -0.935     0.00    0.00
  43880.508    -0.935     0.00    0.00
  44252.259    -0.935     0.00    0.00
  44624.087    -0.935     0.00    0.00
  44995.993    -0.935     0.00    0.00
  45367.976    -0.935     0.00    0.00
  45740.036    -0.935     0.00    0.00
  46112.175    -0.935     0.00    0.00
  46484.390    -0.935     0.00    0.00
  46856.684    -0.935     0.00    0.00
  47229.055    -0.935     0.00    0.00
  47601.504    -0.935     0.00    0.00
  47974.031    -0.935     0.00    0.00
  48346.636    -0.935     0.00    0.00
  48719.318    -0.935     0.00    0.00
  49092.079    -0.935     0.00    0.00
  49464.917    -0.935     0.00    0.00
  49837.834    -0.935     0.00    0.00
  50210.828    -0.935     0.00    0.00
  50583.901    -0.935     0.00    0.00
  50957.052    -0.935     0.00    0.00
  51330.281    -0.935     0.00    0.00
  51703.589    -0.935     0.00    0.00
  52076.975    -0.935     0.00    0.00
  52450.439    -0.935     0.00    0.00
  52823.982    -0.935     0.00    0.00
  53197.603    -0.935     0.00    0.00
  53571.303    -0.935     0.00    0.00
  53945.081    -0.935     0.00    0.00
  54318.938    -0.935     0.00    0.00
  54692.874    -0.935     0.00    0.00
  55066.888    -0.935     0.00    0.00
  55440.981    -0.935     0.00    0.00
  55815.154    -0.935     0.00    0.00
  56189.404    -0.935     0.00    0.00
  56563.734    -0.935     0.00    0.00
  56938.143    -0.935     0.00    0.00
  57312.631    -0.935     0.00    0.00
  57687.198    -0.935     0.00    0.00
  58061.844    -0.935     0.00    0.00
  58436.569    -0.935     0.00    0.00
  58811.374    -0.935     0.00    0.00
  59186.258    -0.935     0.00    0.00
  59561.221    -0.935     0.00    0.00
  59936.263    -0.935     0.00    0.00
  60311.385    -0.935     0.00    0.00
  60686.586    -0.935     0.00    0.00
  61061.867    -0.935     0.00    0.00
  61437.228    -0.935     0.00    0.00
  61812.668    -0.935     0.00    0.00
  62188.188    -0.935     0.00    0.00
  62563.787    -0.935     0.00    0.00
  62939.467    -0.935     0.00    0.00
  63315.226    -0.935     0.00    0.00
  63691.065    -0.935     0.00    0.00
  64066.984    -0.935     0.00    0.00
  64442.983    -0.935     0.00    0.00
  64819.062    -0.935     0.00    0.00
  65195.221    -0.935     0.00    0.00
  65571.460    -0.935     0.00    0.00
  65947.779    -0.935     0.00    0.00
  66324.179    -0.935     0.00    0.00
  66700.659    -0.935     0.00    0.00
  67077.219    -0.935     0.00    0.00
  67453.859    -0.935     0.00    0.00
  67830.580    -0.935     0.00    0.00
  68207.382    -0.935     0.00    0.00
  68584.264    -0.935     0.00    0.00
  68961.227    -0.935     0.00    0.00
  69338.270    -0.935     0.00    0.00
  69715.394    -0.935     0.00    0.00
  70092.599    -0.935     0.00    0.00
  70469.884    -0.935     0.00    0.00
  70847.251    -0.935     0.00    0.00
  71224.698    -0.935     0.00    0.00
  71602.226    -0.935     0.00    0.00
  71979.835    -0.935     0.00    0.00
  72357.525    -0.935     0.00    0.00
  72735.297    -0.935     0.00    0.00
  73113.149    -0.935     0.00    0.00
  73491.083    -0.935     0.00    0.00
  73869.098    -0.935     0.00    0.00
  74247.194    -0.935     0.00    0.00
  74625.372    -0.935     0.00    0.00
  75003.631    -0.935     0.00    0.00
  75381.971    -0.935     0.00    0.00
  75760.393    -0.935     0.00    0.00
  76138.897    -0.935     0.00    0.00
  76517.482    -0.935     0.00    0.00
  76896.149    -0.935     0.00    0.00
  77274.898    -0.935     0.00    0.00
  77653.728    -0.935     0.00    0.00
  78032.640    -0.935     0.00    0.00
  78411.634    -0.935     0.00    0.00
  78790.710    -0.935     0.00    0.00
  79169.868    -0.935     0.00    0.00
  79549.108    -0.935     0.00    0.00
  79928.431    -0.935     0.00    0.00
  80307.835    -0.935     0.00    0.00
  80687.321    -0.935     0.00    0.00
  81066.890    -0.935     0.00    0.00
  81446.541    -0.935     0.00    0.00
  81826.274    -0.935     0.00    0.00
  82206.090    -0.935     0.00    0.00
  82585.988    -0.935     0.00    0.00
  82965.969    -0.935     0.00    0.00
  83346.032    -0.935     0.00    0.00
  83726.178    -0.935     0.00    0.00
  84106.407    -0.935     0.00    0.00
  84486.718    -0.935     0.00    0.00
  84867.112    -0.935     0.00    0.00
  85247.589    -0.935     0.00    0.00
  85628.149    -0.935     0.00    0.00
  86008.792    -0.935     0.00    0.00
  86389.518    -0.935     0.00    0.00
  86770.326    -0.935     0.00    0.00
  87151.218    -0.935     0.00    0.00
  87532.193    -0.935     0.00    0.00
  87913.252    -0.935     0.00    0.00
  88291.432    -0.935     0.00    0.00
  88656.764    -0.935     0.00    0.00
  89022.171    -0.935     0.00    0.00
  89387.654    -0.935     0.00    0.00
  89753.212    -0.935     0.00    0.00
  90118.845    -0.935     0.00    0.00
  90484.554    -0.935     0.00    0.00
  90850.339    -0.935     0.00    0.00
  91216.199    -0.935     0.00    0.00
  91582.135    -0.935     0.00    0.00
  91948.147    -0.935     0.00    0.00
  92314.234    -0.935     0.00    0.00
  92680.398    -0.935     0.00    0.00
  93046.637    -0.935     0.00    0.00
  93412.952    -0.935     0.00    0.00
  93779.343    -0.935     0.00    0.00
  94145.810    -0.935     0.00    0.00
  94512.353    -0.935     0.00    0.00
  94878.972    -0.935     0.00    0.00
  95245.667    -0.935     0.00    0.00
  95612.439    -0.935     0.00    0.00
  95979.286    -0.935     0.00    0.00
  96346.210    -0.935     0.00    0.00
  96713.211    -0.935     0.00    0.00
  97080.287    -0.935     0.00    0.00
  97447.440    -0.935     0.00    0.00
  97814.670    -0.935     0.00    0.00
  98181.976    -0.935     0.00    0.00
  98549.359    -0.935     0.00    0.00
  98916.818    -0.935     0.00    0.00
  99284.354    -0.935     0.00    0.00
  99651.967    -0.935     0.00    0.00
 100019.656    -0.935     0.00    0.00
 100387.423    -0.935     0.00    0.00
 100755.266    -0.935     0.00    0.00
 101123.186    -0.935     0.00    0.00
 101491.183    -0.935     0.00    0.00
 101859.257    -0.935     0.00    0.00
 102227.408    -0.935     0.00    0.00
 102595.636    -0.935     0.00    0.00
 102963.941    -0.935     0.00    0.00
 103332.323    -0.935     0.00    0.00
 103700.783    -0.935     0.00    0.00
 104069.320    -0.935     0.00    0.00
 104437.934    -0.935     0.00    0.00
 104806.626    -0.935     0.00    0.00
 105175.395    -0.935     0.00    0.00
 105544.241    -0.935     0.00    0.00
 105913.166    -0.935     0.00    0.00
 106282.167    -0.935     0.00    0.00
 106651.247    -0.935     0.00    0.00
 107020.404    -0.935     0.00    0.00
 107389.638    -0.935     0.00    0.00
 107758.951    -0.935     0.00    0.00
 108128.341    -0.935     0.00    0.00
 108497.809    -0.935     0.00    0.00
 108867.355    -0.935     0.00    0.00
 109236.979    -0.935     0.00    0.00
 109606.681    -0.935     0.00    0.00
 109976.461    -0.935     0.00    0.00
 110346.320    -0.935     0.00    0.00
 110716.256    -0.935     0.00    0.00
 111086.270    -0.935     0.00    0.00
 111456.363    -0.935     0.00    0.00
 111826.534    -0.935     0.00    0.00
 112196.784    -0.935     0.00    0.00
 112567.112    -0.935     0.00    0.00
 112937.518    -0.935     0.00    0.00
 113308.003    -0.935     0.00    0.00
 113678.566    -0.935     0.00    0.00
 114049.209    -0.935     0.00    0.00
 114419.929    -0.935     0.00    0.00
 114790.729    -0.935     0.00    0.00
 115161.607    -0.935     0.00    0.00
 115532.564    -0.935     0.00    0.00
 115903.599    -0.935     0.00    0.00
 116274.714    -0.935     0.00    0.00
 116645.908    -0.935     0.00    0.00
 117017.180    -0.935     0.00    0.00
 117388.532    -0.935     0.00    0.00
 117759.963    -0.935     0.00    0.00
 118131.473    -0.935     0.00    0.00
 118503.062    -0.904     0.08    0.17
 118874.730    -0.873     0.08    0.28
 119246.478    -0.883    -0.03    0.27
 119618.305    -0.935    -0.14    0.00
 119990.212    -0.935     0.00    0.00
 120362.197    -0.935     0.00    0.00
 120734.263    -0.935     0.00    0.00
 121106.408    -0.935     0.00    0.00
 121478.632    -0.935     0.00    0.00
 121850.937    -0.935     0.00    0.00
 122223.321    -0.935     0.00    0.00
 122595.784    -0.935     0.00    0.00
 122968.328    -0.935     0.00    0.00
 123340.951    -0.935     0.00    0.00
 123713.654    -0.935     0.00    0.00
 124086.437    -0.935     0.00    0.00
 124459.301    -0.935     0.00    0.00
 124832.244    -0.935     0.00    0.00
 125205.267    -0.935     0.00    0.00
 125578.371    -0.935     0.00    0.00
 125951.555    -0.935     0.00    0.00
 126324.819    -0.935     0.00    0.00
 126698.163    -0.935     0.00    0.00
 127071.588    -0.935     0.00    0.00
 127445.093    -0.935     0.00    0.00
 127818.678    -0.935     0.00    0.00
 128192.344    -0.935     0.00    0.00
 128566.091    -0.935     0.00    0.00
 128939.918    -0.935     0.00    0.00
 129313.826    -0.935     0.00    0.00
 129687.815    -0.935     0.00    0.00
 130061.885    -0.935     0.00    0.00
 130436.035    -0.935     0.00    0.00
 130810.266    -0.935     0.00    0.00
 131184.578    -0.935     0.00    0.00
 131558.971    -0.935     0.00    0.00
 131933.445    -0.935     0.00    0.00
 132308.001    -0.935     0.00    0.00
 132682.637    -0.935     0.00    0.00
 133057.355    -0.935     0.00    0.00
 133432.153    -0.935     0.00    0.00
 133807.033    -0.935     0.00    0.00
 134181.995    -0.935     0.00    0.00
 134557.038    -0.935     0.00    0.00
 134932.162    -0.935     0.00    0.00
 135307.368    -0.935     0.00    0.00
 135682.655    -0.935     0.00    0.00
 136058.024    -0.935     0.00    0.00
 136433.475    -0.935     0.00    0.00
 136809.007    -0.935     0.00    0.00
 137184.621    -0.935     0.00    0.00
 137560.317    -0.935     0.00    0.00
 137936.095    -0.935     0.00    0.00
 138311.955    -0.935     0.00    0.00
 138687.897    -0.935     0.00    0.00
 139063.921    -0.935     0.00    0.00
 139440.026    -0.935     0.00    0.00
 139816.214    -0.935     0.00    0.00
 140192.485    -0.935     0.00    0.00
 140568.837    -0.935     0.00    0.00
 140945.272    -0.935     0.00    0.00
 141321.789    -0.935     0.00    0.00
 141698.388    -0.935     0.00    0.00
 142075.070    -0.935     0.00    0.00
 142451.835    -0.935     0.00    0.00
 142828.682    -0.935     0.00    0.00
 143205.612    -0.935     0.00    0.00
 143582.624    -0.935     0.00    0.00
 143959.719    -0.935     0.00    0.00
 144336.897    -0.935     0.00    0.00
 144714.158    -0.935     0.00    0.00
 145091.501    -0.935     0.00    0.00
 145468.928    -0.935     0.00    0.00
 145846.437    -0.935     0.00    0.00
 146224.030    -0.935     0.00    0.00
 146601.705    -0.935     0.00    0.00
 146979.464    -0.935     0.00    0.00
 147357.306    -0.935     0.00    0.00
 147735.231    -0.935     0.00    0.00
 148113.240    -0.935     0.00    0.00
 148491.332    -0.935     0.00    0.00
 148869.507    -0.935     0.00    0.00
 149247.766    -0.935     0.00    0.00
 149626.109    -0.935     0.00    0.00
 150004.535    -0.935     0.00    0.00
 150383.045    -0.935     0.00    0.00
 150761.638    -0.935     0.00    0.00
 151140.315    -0.935     0.00    0.00
 151519.076    -0.935     0.00    0.00
 151897.921    -0.935     0.00    0.00
 152276.850    -0.935     0.00    0.00
 152655.862    -0.935     0.00    0.00
 153034.959    -0.935     0.00    0.00
 153414.140    -0.935     0.00    0.00
 153793.405    -0.935     0.00    0.00
 154172.754    -0.935     0.00    0.00
 154552.187    -0.935     0.00    0.00
 154931.705    -0.935     0.00    0.00
 155311.307    -0.935     0.00    0.00
 155690.994    -0.935     0.00    0.00
 156070.765    -0.935     0.00    0.00
 156450.620    -0.935     0.00    0.00
 156830.560    -0.935     0.00    0.00
 157210.585    -0.935     0.00    0.00
 157590.694    -0.935     0.00    0.00
 157970.889    -0.935     0.00    0.00
 158351.168    -0.935     0.00    0.00
 158731.532    -0.935     0.00    0.00
 159111.980    -0.935     0.00    0.00
 159492.514    -0.935     0.00    0.00
 159873.133    -0.935     0.00    0.00
 160253.837    -0.935     0.00    0.00
 160634.626    -0.935     0.00    0.00
 161015.500    -0.935     0.00    0.00
 161396.459    -0.935     0.00    0.00
 161777.504    -0.935     0.00    0.00
 162158.634    -0.935     0.00    0.00
 162539.850    -0.935     0.00    0.00
 162921.151    -0.935     0.00    0.00
 163289.035    -0.935     0.00    0.00
 163654.205    -0.935     0.00    0.00
 164019.452    -0.935     0.00    0.00
 164384.776    -0.935     0.00    0.00
 164750.178    -0.935     0.00    0.00
 165115.657    -0.935     0.00    0.00
 165481.213    -0.935     0.00    0.00
 165846.847    -0.935     0.00    0.00
 166212.558    -0.935     0.00    0.00
 166578.347    -0.935     0.00    0.00
 166944.213    -0.935     0.00    0.00
 167310.157    -0.935     0.00    0.00
 167676.178    -0.935     0.00    0.00
 168042.277    -0.935     0.00    0.00
 168408.454    -0.935     0.00    0.00
 168774.709    -0.935     0.00    0.00
 169141.042    -0.935     0.00    0.00
 169507.452    -0.935     0.00    0.00
 169873.940    -0.935     0.00    0.00
 170240.507    -0.935     0.00    0.00
 170607.151    -0.935     0.00    0.00
 170973.873    -0.935     0.00    0.00
 171340.674    -0.935     0.00    0.00
 171707.553    -0.935     0.00    0.00
 172074.510    -0.935     0.00    0.00
 172441.545    -0.935     0.00    0.00
 172808.658    -0.935     0.00    0.00
 173175.850    -0.935     0.00    0.00
 173543.121    -0.935     0.00    0.00
 173910.470    -0.935     0.00    0.00
 174277.897    -0.935     0.00    0.00
 174645.403    -0.935     0.00    0.00
 175012.988    -0.935     0.00    0.00
 175380.651    -0.935     0.00    0.00
 175748.393    -0.935     0.00    0.00
 176116.214    -0.935     0.00    0.00
 176484.114    -0.935     0.00    0.00
 176852.092    -0.935     0.00    0.00
 177220.150    -0.935     0.00    0.00
 177588.286    -0.935     0.00    0.00
 177956.501    -0.935     0.00    0.00
 178324.796    -0.935     0.00    0.00
 178693.170    -0.935     0.00    0.00
 179061.623    -0.935     0.00    0.00
 179430.155    -0.935     0.00    0.00
 179798.766    -0.935     0.00    0.00
 180167.457    -0.935     0.00    0.00
 180536.227    -0.935     0.00    0.00
 180905.076    -0.935     0.00    0.00
 181274.005    -0.935     0.00    0.00
 181643.014    -0.935     0.00    0.00
 182012.102    -0.935     0.00    0.00
 182381.270    -0.935     0.00    0.00
 182750.517    -0.935     0.00    0.00
 183119.845    -0.935     0.00    0.00
 183489.252    -0.935     0.00    0.00
 183858.739    -0.935     0.00    0.00
 184228.305    -0.935     0.00    0.00
 184597.952    -0.935     0.00    0.00
 184967.679    -0.935     0.00    0.00
 185337.486    -0.935     0.00    0.00
 185707.372    -0.935     0.00    0.00
 186077.340    -0.935     0.00    0.00
 186447.387    -0.935     0.00    0.00
 186817.514    -0.935     0.00    0.00
 187187.722    -0.935     0.00    0.00
 187558.010    -0.935     0.00    0.00
 187928.379    -0.935     0.00    0.00
 188298.828    -0.935     0.00    0.00
 188669.357    -0.935     0.00    0.00
 189039.967    -0.935     0.00    0.00
 189410.658    -0.935     0.00    0.00
 189781.430    -0.935     0.00    0.00
 190152.282    -0.935     0.00    0.00
 190523.215    -0.935     0.00    0.00
 190894.228    -0.935     0.00    0.00
 191265.323    -0.935     0.00    0.00
 191636.498    -0.935     0.00    0.00
 192007.755    -0.935     0.00    0.00
 192379.093    -0.935     0.00    0.00
 192750.511    -0.935     0.00    0.00
 193122.011    -0.935     0.00    0.00
 193493.592    -0.935     0.00    0.00
 193865.254    -0.935     0.00    0.00
 194236.998    -0.935     0.00    0.00
 194608.823    -0.935     0.00    0.00
 194980.729    -0.935     0.00    0.00
 195352.717    -0.935     0.00    0.00
 195724.786    -0.935     0.00    0.00
 196096.937    -0.935     0.00    0.00
 196469.169    -0.935     0.00    0.00
 196841.483    -0.935     0.00    0.00
 197213.879    -0.935     0.00    0.00
 197586.357    -0.935     0.00    0.00
 197958.916    -0.935     0.00    0.00
 198331.558    -0.935     0.00    0.00
 198704.281    -0.935     0.00    0.00
 199077.086    -0.935     0.00    0.00
 199449.973    -0.935     0.00    0.00
 199822.943    -0.935     0.00    0.00
 200195.994    -0.935     0.00    0.00
 200569.128    -0.935     0.00    0.00
 200942.344    -0.935     0.00    0.00
 201315.643    -0.935     0.00    0.00
 201689.023    -0.935     0.00    0.00
 202062.486    -0.935     0.00    0.00
 202436.032    -0.935     0.00    0.00
 202809.660    -0.935     0.00    0.00
 203183.371    -0.935     0.00    0.00
 203557.164    -0.935     0.00    0.00
 203931.040    -0.935     0.00    0.00
 204304.999    -0.935     0.00    0.00
 204679.040    -0.935     0.00    0.00
 205053.165    -0.935     0.00    0.00
 205427.372    -0.935     0.00    0.00
 205801.662    -0.935     0.00    0.00
 206176.036    -0.935     0.00    0.00
 206550.492    -0.935     0.00    0.00
 206925.031    -0.935     0.00    0.00
 207299.654    -0.935     0.00    0.00
 207674.360    -0.935     0.00    0.00
 208049.149    -0.935     0.00    0.00
 208424.022    -0.935     0.00    0.00
 208798.978    -0.935     0.00    0.00
 209174.017    -0.935     0.00    0.00
 209549.140    -0.935     0.00    0.00
 209924.346    -0.935     0.00    0.00
 210299.637    -0.935     0.00    0.00
 210675.010    -0.935     0.00    0.00
 211050.468    -0.935     0.00    0.00
 211426.009    -0.935     0.00    0.00
 211801.634    -0.935     0.00    0.00
 212177.343    -0.935     0.00    0.00
 212553.136    -0.935     0.00    0.00
 212929.013    -0.935     0.00    0.00
 213304.974    -0.935     0.00    0.00
 213681.019    -0.935     0.00    0.00
 214057.148    -0.935     0.00    0.00
 214433.362    -0.935     0.00    0.00
 214809.660    -0.935     0.00    0.00
 215186.042    -0.935     0.00    0.00
 215562.508    -0.935     0.00    0.00
 215939.059    -0.935     0.00    0.00
 216315.695    -0.935     0.00    0.00
 216692.415    -0.935     0.00    0.00
 217069.220    -0.935     0.00    0.00
 217446.109    -0.935     0.00    0.00
 217823.083    -0.935     0.00    0.00
 218200.142    -0.935     0.00    0.00
 218577.286    -0.935     0.00    0.00
 218954.515    -0.935     0.00    0.00
 219331.828    -0.935     0.00    0.00
 219709.227    -0.935     0.00    0.00
 220086.710    -0.935     0.00    0.00
 220464.279    -0.935     0.00    0.00
 220841.933    -0.935     0.00    0.00
 221219.673    -0.935     0.00    0.00
 221597.497    -0.935     0.00    0.00
 221975.407    -0.935     0.00    0.00
 222353.402    -0.935     0.00    0.00
 222731.483    -0.935     0.00    0.00
 223109.649    -0.935     0.00    0.00
 223487.901    -0.935     0.00    0.00
 223866.239    -0.935     0.00    0.00
 224244.662    -0.935     0.00    0.00
 224623.171    -0.935     0.00    0.00
 225001.766    -0.935     0.00    0.00
